 35.5049 -41.742
35.50846 -41.343
35.51224  -43.47
35.51575 -44.812
35.52009 -47.889
35.52433  -44.09
35.52903 -41.808
35.53359 -41.104
35.53824 -40.561
 35.5426 -46.124
35.54779 -43.867
35.55321  -43.79
35.55759 -46.016
35.56235 -43.074
 35.5669 -42.917
35.57312 -44.214
35.57864 -43.762
35.58352 -40.275
35.58909 -41.913
35.59487 -42.476
35.60125 -42.358
35.60649 -42.572
35.61216 -41.524
35.61824 -41.736
35.62451 -40.208
35.62974 -39.967
35.63588 -44.957
35.64159 -41.545
35.64816 -39.694
35.65463 -44.079
 35.6606 -44.584
 35.6649 -41.026
35.67007 -43.569
35.67604 -39.684
35.68145 -41.936
35.68682 -41.463
35.69249 -40.659
35.69823 -39.246
35.70398 -43.595
 35.7092 -44.444
35.71452 -43.016
35.71935 -42.159
35.72549 -43.503
35.73115 -41.951
35.73583 -42.828
35.74225  -43.53
35.74582 -45.117
35.75212 -44.853
35.75806 -45.294
35.76277 -40.783
35.76924  -41.17
35.77685 -41.558
35.78363 -43.983
 35.7892 -42.266
35.79453 -40.451
35.80067 -43.293
35.80653 -46.609
35.81168 -47.077
35.81747 -43.453
35.82288 -43.441
35.82774 -43.815
35.83387 -41.429
35.83947 -42.261
35.84518 -40.903
35.85093 -44.112
35.85672 -44.497
35.86329 -46.968
35.86762 -44.475
35.87402 -45.395
35.88042 -42.311
35.88555 -41.918
35.89214 -44.328
35.89708 -43.323
 35.9029 -44.841
  35.909 -45.541
35.91483 -45.397
35.92031 -45.371
35.92645 -42.296
35.93307 -41.425
35.93899 -41.831
35.94418 -43.149
 35.9501 -44.109
35.95537 -42.496
35.96068 -40.463
35.96554  -43.79
35.97138   -43.2
35.97706 -44.661
35.98241 -43.104
35.98808 -43.936
35.99426 -42.347
35.99984 -42.181
 36.0059 -43.617
36.01184 -41.864
36.01728 -44.133
36.02333 -44.513
36.02916 -43.296
36.03378 -44.703
36.03901 -42.362
36.04546 -44.258
36.05159 -48.126
36.05729 -44.808
36.06268 -45.196
36.06858 -41.942
36.07487 -44.258
36.07899 -44.255
36.08469 -41.262
36.08998 -39.947
36.09575 -43.953
36.10186  -43.61
36.10799 -44.405
36.11383 -43.422
36.11919 -44.149
36.12636 -45.538
36.13065 -43.617
36.13724 -45.515
36.14247 -43.143
36.14797  -43.81
36.15507 -44.692
36.16068 -44.994
36.16579 -41.113
36.17265 -40.918
36.17903  -42.04
36.18427 -42.629
36.18934 -43.039
36.19445 -42.289
36.20026 -42.368
36.20591 -43.424
36.21217 -43.507
36.21798  -43.51
36.22382 -43.041
36.22948 -45.104
36.23387 -42.782
 36.2403 -40.247
36.24589 -45.162
36.25092 -44.096
36.25629 -44.365
36.26154 -44.288
36.26641 -43.243
36.27176 -45.742
36.27784  -42.93
36.28356 -44.616
36.28968 -42.694
36.29441 -42.516
 36.2988 -45.183
 36.3042  -44.88
36.30965 -44.303
 36.3152 -45.001
36.32116 -45.611
36.32663 -43.674
36.33252 -45.695
36.33856 -43.843
36.34403 -43.523
36.34957 -43.094
36.35439 -40.554
36.35972 -42.857
36.36488 -43.978
36.37002  -43.22
36.37529 -40.928
36.38082 -40.523
36.38594 -43.572
  36.391 -46.208
 36.3962 -43.083
36.40099 -39.987
36.40611 -43.419
36.41079 -48.594
36.41563 -44.937
36.42053 -44.129
36.42661 -44.662
36.43149 -44.782
36.43706 -42.212
36.44165 -43.414
36.44542  -39.06
36.45061 -42.179
36.45525 -43.273
 36.4592  -44.34
36.46269 -45.412
36.46613 -43.905
36.47028 -43.838
36.47365  -41.49
36.47844 -41.431
36.48263 -41.043
36.48608 -40.655
 36.4909 -40.267
36.49501 -39.529
36.49955 -43.055
36.50432 -45.681
36.50876 -42.569
36.51414 -41.408
36.51885   -43.2
36.52346 -42.321
36.53006 -44.077
36.53408 -42.841
36.53941  -45.87
 36.5444 -40.896
 36.5502 -42.631
36.55615 -42.435
36.56113 -43.271
36.56618 -40.866
36.57055 -40.999
36.57554 -43.898
36.58085 -44.537
36.58621 -42.198
36.59157 -42.671
36.59485 -43.555
36.59912 -43.632
 36.6034 -41.633
36.60815 -43.008
36.61135 -43.162
36.61546 -41.904
36.62004 -41.282
36.62428 -40.899
36.62862 -41.851
36.63306 -39.983
36.63871 -41.347
36.64332 -42.073
 36.6475 -40.919
36.65213 -41.965
 36.6561 -41.676
36.66041 -39.599
36.66386 -36.656
  36.668 -39.005
36.67157 -39.488
36.67484 -38.395
36.67958 -37.651
36.68337 -42.258
36.68727 -42.523
36.69067 -41.148
36.69486 -41.129
36.69862 -44.288
36.70278 -42.769
36.70619 -40.612
36.71049 -41.316
36.71434 -41.539
36.71826 -43.227
36.72121 -43.363
  36.725 -42.211
36.72905  -40.08
36.73345  -41.23
36.73748 -40.974
36.74203 -39.716
36.74711 -41.073
36.74983 -42.282
36.75381 -41.427
  36.757  -40.86
36.76073 -39.991
 36.7646 -40.029
 36.7692 -39.737
36.77312 -40.114
36.77695 -41.824
36.78069 -41.792
36.78533 -42.106
36.78845 -42.074
36.79188 -41.367
36.79537 -43.336
36.79912 -41.535
 36.8026 -39.894
36.80695  -40.03
 36.8103 -39.901
  36.814 -42.336
36.81831  -42.76
 36.8216 -40.415
36.82531 -39.079
 36.8282 -38.038
 36.8318 -37.842
36.83528 -38.025
36.83855 -38.224
36.84164  -37.78
36.84462 -39.287
 36.8478 -39.991
36.85035 -39.785
36.85307 -40.748
36.85663 -41.964
36.86065 -41.875
36.86402 -40.613
36.86641 -40.903
36.87041  -43.22
36.87383 -40.728
 36.8771 -39.444
36.88088 -43.498
36.88644 -43.374
36.89023 -42.781
36.89466 -43.142
36.89889 -45.033
36.90262 -42.953
36.90662 -43.897
36.91137 -44.036
36.91688  -42.05
36.92147 -41.563
36.92523 -41.664
36.92961 -42.998
36.93388 -42.144
36.93854 -41.987
36.94321 -42.777
36.94796 -39.989
36.95166   -41.1
36.95582 -42.686
36.95938 -39.859
36.96298 -41.017
36.96776 -42.176
36.97132 -42.176
36.97466 -41.206
36.97882 -40.517
 36.9823 -40.424
36.98603  -41.93
36.99025 -40.833
36.99394 -40.767
36.99796 -41.657
37.00193 -41.409
37.00543 -39.682
37.00922  -40.01
37.01322 -42.159
37.01713 -41.305
37.02091 -42.415
37.02472 -40.449
37.02784 -40.782
37.03152 -41.115
37.03503 -40.354
37.03942 -39.485
37.04338 -40.407
37.04688 -41.328
37.05104  -42.25
37.05453 -40.629
37.05828 -39.645
37.06259 -41.175
37.06586 -41.985
37.07017 -41.884
37.07441 -42.026
 37.0787 -40.626
37.08254 -41.397
37.08718 -40.538
37.09131 -40.411
37.09532 -40.284
37.09914 -40.412
37.10307 -38.398
 37.1069  -39.48
37.11071 -39.537
37.11565 -39.552
37.11926  -37.86
37.12277 -42.483
37.12734 -42.911
37.13139 -41.821
37.13483 -40.731
37.13943 -41.229
 37.1432 -41.727
37.14766 -41.904
37.15081 -40.407
37.15442 -39.247
37.15773 -39.843
37.16113 -41.138
37.16465 -41.723
37.16772 -42.076
37.17114 -41.555
37.17528 -40.096
37.17849 -39.026
37.18206 -40.429
37.18542 -39.907
37.18901 -38.774
37.19145 -39.311
37.19573 -39.302
37.19915 -43.508
37.20249 -39.074
37.20652 -38.342
37.20957 -39.832
37.21244 -39.188
 37.2152 -38.869
37.21861 -40.789
37.22172 -42.015
37.22485 -39.826
37.22861 -38.825
37.23205 -37.825
 37.2354 -40.494
37.23841 -39.401
37.24132 -38.529
37.24448 -40.029
37.24792 -39.761
37.25134 -39.362
37.25515  -38.73
37.25806 -38.189
37.26103 -36.309
37.26436 -37.543
 37.2675 -39.948
37.27075 -39.531
37.27355  -39.09
37.27673 -41.483
37.28011 -41.348
37.28356 -36.636
37.28642 -37.146
37.28871 -37.638
37.29246 -37.932
37.29587 -38.818
37.29896 -39.047
37.30192 -36.681
37.30526 -38.437
37.30861 -39.888
37.31215 -43.184
37.31533 -40.661
37.31898 -40.965
37.32266 -39.322
37.32636 -37.678
37.32938  -38.62
37.33338  -38.37
37.33622 -38.477
37.33952 -39.361
37.34294 -39.253
37.34639 -36.508
37.34936 -33.712
37.35285 -38.574
37.35579 -40.724
37.35916 -39.649
37.36174  -36.82
37.36474 -38.431
37.36831 -38.668
37.37191 -37.058
37.37522 -38.691
37.37842 -40.314
37.38202 -40.547
37.38542 -41.013
37.38823 -41.271
37.39163 -40.045
37.39528 -40.854
37.39896 -39.474
 37.4021 -39.113
37.40535 -37.449
37.40817  -38.53
37.41124 -38.941
37.41468 -39.618
37.41789 -40.296
37.42096 -40.235
37.42328 -40.348
37.42652 -37.914
 37.4294 -39.048
37.43236 -41.681
37.43559 -38.187
37.43904 -37.938
37.44112  -37.69
37.44393 -39.392
37.44655 -38.019
37.45013   -39.2
37.45403 -37.324
 37.4566 -38.715
37.46039 -37.806
37.46364 -39.585
37.46643 -39.715
37.46901 -39.231
37.47168 -39.734
37.47413 -39.041
 37.4764 -37.373
37.47907  -38.68
37.48196 -39.722
37.48448 -38.087
37.48706 -39.749
37.49001 -40.332
37.49238 -39.138
37.49537 -38.693
37.49803 -40.093
37.50054 -38.884
37.50387 -40.375
37.50616 -39.555
 37.5087 -39.772
37.51105 -38.577
37.51359 -40.262
37.51588  -39.36
37.51869 -39.445
37.52116 -37.864
37.52363 -36.404
37.52638  -38.23
 37.5291 -39.209
37.53157 -39.491
37.53426 -37.929
37.53753 -38.112
37.54081 -38.552
37.54401 -39.612
37.54688 -39.167
37.54971 -40.716
37.55313 -39.251
 37.5562 -39.518
 37.5598 -40.589
37.56351 -40.754
 37.5668 -39.261
37.56992 -39.177
37.57301 -38.784
37.57651 -38.499
37.57965 -38.964
37.58335 -38.611
37.58603 -38.262
37.58849 -38.366
37.59115 -38.181
37.59389 -37.482
37.59638 -37.739
37.59968 -41.564
37.60276 -39.076
37.60544 -40.327
37.60871 -38.075
37.61127 -38.219
37.61437 -39.395
37.61759 -39.876
37.62099 -37.864
 37.6237 -38.222
37.62618 -36.948
37.62993 -37.014
37.63372 -38.482
37.63763 -38.231
 37.6409 -39.281
37.64455 -39.366
37.64784  -39.92
 37.6507 -37.767
37.65309 -37.203
37.65654 -37.237
37.65876  -38.55
37.66146 -39.785
37.66431 -38.349
37.66745 -37.977
 37.6701 -38.914
37.67282  -38.39
37.67583 -40.101
37.67876   -37.7
  37.682 -37.548
 37.6846  -38.21
37.68744 -39.603
37.69066 -36.528
37.69321 -41.314
 37.6958 -37.318
37.69936 -39.765
37.70185 -39.569
37.70434 -39.168
37.70682 -39.311
37.70975 -37.957
37.71271 -37.394
37.71628  -39.62
37.71916 -39.376
37.72254 -39.264
37.72548 -38.643
 37.7291 -37.558
37.73219 -39.537
37.73565 -37.446
37.73893 -37.913
37.74137  -38.38
37.74423 -36.235
37.74733 -41.048
37.75023 -40.214
37.75381 -38.909
37.75755 -38.087
37.76032  -37.46
37.76332  -38.14
37.76641 -40.806
37.76866 -39.436
 37.7717 -38.578
37.77455 -38.783
37.77729 -39.333
37.78054 -37.959
37.78406 -40.487
37.78693 -39.084
37.79013 -39.674
37.79344 -38.582
37.79563 -40.641
 37.7986 -38.735
37.80077 -36.419
37.80369 -35.456
37.80645 -37.803
37.80977 -37.077
37.81216 -37.663
37.81456   -38.1
37.81663 -39.368
37.81944 -39.772
37.82223 -38.264
37.82463 -38.276
37.82735 -37.812
37.83061 -37.084
37.83417 -37.362
  37.837 -38.756
37.83918 -38.618
37.84189 -39.685
37.84464 -39.216
37.84727  -38.87
37.85071  -40.11
37.85375 -38.073
37.85671 -36.588
37.85906 -40.174
 37.8621 -40.538
37.86456 -36.646
37.86764 -38.291
37.86992 -39.908
37.87357 -39.127
 37.8764 -39.254
37.87939  -37.04
  37.882 -35.799
 37.8846 -39.262
37.88742 -37.599
37.89003 -37.425
37.89251 -37.778
37.89567 -38.389
37.89853 -37.879
37.90101 -36.228
37.90387 -40.346
37.90677 -39.558
37.90929 -38.115
37.91156 -38.437
37.91444 -38.387
37.91671 -37.154
37.91924 -37.636
37.92216 -36.644
37.92538 -36.899
37.92822 -37.883
37.93065 -41.192
37.93327 -38.629
37.93682 -37.698
37.94026 -38.345
37.94314 -40.415
37.94638 -39.128
37.94913 -39.309
 37.9516 -38.617
 37.9551  -38.08
37.95814 -37.175
37.96048 -36.737
  37.963 -37.227
37.96572 -37.109
37.96829 -36.987
37.97148 -37.987
37.97369 -35.988
37.97632 -35.151
 37.9787  -36.04
37.98142 -38.403
37.98423 -38.438
37.98696 -39.692
37.98942 -40.151
37.99209 -39.693
37.99548 -39.674
37.99781 -37.456
      38 -37.536
38.00282 -37.646
38.00648 -36.285
38.00943 -36.733
38.01234 -37.611
38.01601 -38.954
38.01867 -37.228
38.02124 -37.712
38.02388 -39.023
38.02681 -37.998
38.02923 -39.529
38.03222 -40.973
38.03477 -39.072
38.03678 -38.572
38.03975  -39.13
38.04361 -39.998
38.04602  -39.39
38.04889 -38.223
38.05152 -39.892
38.05391  -40.62
38.05661 -38.263
38.05835 -38.408
38.06034 -37.848
38.06307 -34.854
38.06578 -37.252
38.06892 -38.882
38.07143 -39.271
38.07427 -37.138
38.07676 -39.058
 38.0793 -39.274
38.08133 -38.415
 38.0848 -38.334
38.08759 -38.283
 38.0904 -37.958
38.09388 -36.718
38.09624 -36.242
38.09898 -37.722
38.10175 -38.395
38.10434 -36.582
38.10698 -35.956
38.10894 -36.904
38.11188 -37.851
38.11423 -37.059
38.11656 -38.795
38.11933 -36.549
38.12159 -37.072
38.12508 -39.175
38.12739 -40.966
38.13021 -37.935
38.13235 -38.823
38.13464 -39.711
38.13647  -38.01
38.13872 -37.272
38.14125 -37.216
38.14355 -38.062
38.14614  -37.43
38.14892 -36.311
38.15131 -36.386
38.15429 -36.462
38.15692 -37.593
   38.16 -36.709
38.16294  -37.29
38.16514 -37.229
38.16742 -39.088
38.16954 -37.781
38.17237 -37.356
38.17505 -38.379
  38.178  -36.86
38.18125 -37.122
38.18358 -38.064
38.18663 -37.888
38.18961 -38.849
38.19272 -37.331
38.19552 -39.413
38.19824  -39.01
 38.2008 -38.974
38.20401 -39.482
38.20702 -38.768
38.20975 -37.929
38.21262 -40.581
38.21602 -40.913
38.22091 -42.458
38.22514 -42.339
38.23016  -40.58
38.23411 -40.327
38.23924 -43.771
38.24455 -45.425
38.24986 -43.845
38.25474 -42.573
38.26049 -42.985
38.26592 -41.103
38.27209 -45.385
38.27698 -46.083
 38.2829 -44.297
38.28795 -43.802
38.29402 -41.658
38.29943 -44.144
  38.303 -44.185
38.30692 -42.095
38.31131 -41.077
38.31534 -43.158
  38.321 -44.781
  38.325 -41.091
38.32991 -41.734
38.33451  -41.55
38.33887 -41.339
38.34288 -42.502
38.34751 -41.015
38.35206 -42.498
38.35688  -43.69
38.36163 -47.181
38.36758 -47.515
38.37181 -45.434
38.37693 -45.379
38.38184 -44.386
38.38692 -44.882
38.39236 -45.377
38.39808 -42.358
38.40322 -42.368
38.40892 -42.487
38.41391 -41.794
38.41954 -41.696
38.42496 -39.967
38.43011 -41.864
38.43595 -46.434
38.43967 -46.886
38.44457 -41.306
38.45008 -42.754
38.45447 -44.201
38.45897 -43.201
38.46425 -44.393
38.46927 -41.019
 38.4765 -42.869
38.48225 -43.397
38.48823 -46.101
38.49298 -45.728
38.49636 -43.987
38.49991 -41.779
38.50571 -40.724
